Weight1: 0.690173683726824
Weight2: 0.8002739955258515
Current Error: 1
Weight1: 0.690173683726824
Weight2: 0.8002739955258515
Current Error: 1
Weight1: 0.690173683726824
Weight2: 0.8002739955258515
Current Error: 1
